VITE_MAP_API_KEY=qsi0i5piy3
VITE_MAP_LAT=36.3553177
VITE_MAP_LNG= 127.2981911
